3.171880634811510228e-20
3.886812096129352054e-20
4.954637558546368666e-20
6.536984438425678774e-20
8.545632357656828856e-20
1.021561859286063112e-19
1.032509415618033903e-19
9.018582966754370742e-20
7.454855416172234360e-20
6.203397411322733769e-20
5.341388836486028959e-20
4.768584877612553472e-20
4.414160568578016523e-20
4.207542405107126547e-20
4.103920174738247454e-20
4.097389700359365804e-20
4.163587242502203759e-20
4.315198058239532451e-20
4.541588672335180364e-20
4.858021763895888460e-20
5.272335640775896891e-20
5.783888231945665514e-20
6.363653513403819145e-20
6.983322889779219116e-20
7.531600145418549884e-20
7.888169348589618495e-20
7.988050508448603930e-20
7.846445495978892308e-20
7.509268383553216431e-20
7.080843729135834040e-20
6.637682600655055845e-20
6.228291470130769224e-20
5.862766962363438600e-20
5.555662363286543048e-20
5.292814980540770140e-20
5.083106978358231049e-20
4.907451517515455434e-20
4.760254954600326129e-20
4.638469560932477062e-20
4.538243067104811753e-20
4.456953413507375400e-20
4.387619097262933682e-20
4.334464355319928187e-20
4.284339002491318964e-20
4.243496814207938491e-20
4.211450838298799288e-20
4.186378528424778958e-20
4.165052234182949472e-20
4.148596019497808677e-20
4.134825825172488921e-20
4.122383468377036538e-20
4.109678687976301286e-20
4.105646461362862978e-20
4.098678332830724287e-20
4.091867963405172102e-20
4.080289793749518926e-20
4.075126800726583471e-20
4.070060021184346848e-20
4.056889211319267214e-20
4.043502878903264152e-20
4.027137775524314952e-20
4.007446147260960080e-20
3.979758811741842180e-20
3.946649008798863695e-20
3.896328658504350106e-20
3.831970303666263728e-20
3.750943440758913113e-20
3.654655858766060526e-20
3.551176964960562415e-20
3.465405648481117418e-20
3.423231547787905883e-20
3.441555987204230436e-20
3.509792625497285330e-20
3.604244437480650060e-20
3.703289657052881711e-20
3.791855880465772564e-20
3.862077569550155926e-20
3.924751883642555354e-20
3.974006084363020014e-20
4.012954785182337731e-20
4.045984407462238122e-20
4.069532673107761328e-20
4.094630302250415424e-20
4.111419191351432992e-20
4.126218051631763561e-20
4.140123312625185792e-20
4.151452473527177449e-20
4.163081947150002735e-20
4.171278466193793128e-20
4.177138317788066321e-20
4.183987168936888106e-20
4.190876255835648952e-20
4.197424563145006914e-20
4.202248028787687413e-20
4.206455991752835994e-20
4.209803506184349966e-20
4.215202435650727248e-20
4.222540808509690089e-20
4.225779160761890259e-20
4.229533604351331119e-20
4.234853992791665121e-20
4.239533209005578829e-20
4.242610722511737876e-20
4.249629901156272018e-20
4.254949942502207269e-20
4.261798555776822220e-20
4.267100057517348808e-20
4.278164772597270917e-20
4.287510219654053835e-20
4.300309854489336524e-20
4.316581374710728961e-20
4.334100314757825025e-20
4.359943931221623423e-20
4.388642652605417569e-20
4.422971735876587883e-20
4.469210272070137312e-20
4.526238272449520397e-20
4.600446526790493980e-20
4.697743809073778586e-20
4.826946141145277757e-20
4.999011876529670163e-20
5.239456037050180689e-20
5.584511100619397197e-20
6.099566427172743299e-20
6.921195004766654934e-20
8.324108410504729387e-20
1.100736909456458602e-19
1.709942780063045339e-19
3.548815715004156511e-19
1.231318772567723573e-18
1.786729210702295299e-18
4.678777798706936021e-19
2.034063619885842066e-19
1.237881786613577106e-19
9.030573148755010230e-20
7.330538511426579430e-20
6.347867338047892805e-20
5.726081476887751344e-20
5.308407089051828626e-20
5.017173049982050999e-20
4.799337173719655877e-20
4.638301341478653144e-20
4.511686273969341904e-20
4.410027146061898353e-20
4.331002858460829145e-20
4.265550009067364317e-20
4.212459009363787331e-20
4.167608542921530856e-20
4.132817452441270605e-20
4.101463715424772428e-20
4.078204441716244022e-20
4.057979440850753015e-20
4.043017108785223032e-20
4.030164415656552870e-20
4.024063352826385816e-20
4.017739386761793700e-20
4.017701978645409093e-20
4.019501193016314190e-20
4.025492281738890108e-20
4.034056147210845719e-20
4.046399218501195820e-20
4.061989325793603153e-20
4.084127442247438630e-20
4.110787361917971152e-20
4.140743980893110458e-20
4.177714647566830294e-20
4.223437492275562308e-20
4.274223723811161196e-20
4.336954287336592350e-20
4.408634327694099565e-20
4.497188728817472418e-20
4.602186196923714207e-20
4.736310206545266555e-20
4.901784155423177204e-20
5.119157148464465419e-20
5.418709984014541405e-20
5.862359472042017139e-20
6.579891818407853552e-20
7.875037862371383009e-20
1.022602182747056178e-19
1.256502471588988694e-19
1.150667016710212091e-19
9.706965372896149995e-20
9.060317559817772672e-20
9.325251638902130985e-20
1.036467680020881945e-19
1.238614570910231787e-19
1.591698357790615126e-19
2.108712612270313491e-19
2.440765342222577957e-19
2.453787017906980466e-19
2.232980891118034882e-19
1.934893201135999196e-19
1.883051863747818931e-19
1.733857098347921601e-19
1.779016499087422810e-19
1.797543432724141224e-19
2.086823279179002067e-19
2.422424270129621713e-19
2.713278462286825630e-19
4.011675984430817350e-19
4.925506247666028223e-19
6.753166774136449967e-19
1.105467273620304157e-18
1.102397228793135484e-18
1.075790173624339930e-18
7.327013056506063695e-19
6.612244581560785042e-19
4.196079161892833157e-19
3.617521707959990439e-19
3.129363856204154410e-19
2.699495287370683658e-19
2.672716297818057070e-19
2.584728189287998420e-19
2.622117650764886512e-19
2.626964432808186589e-19
2.698999948702167937e-19
2.702617489481037776e-19
2.706008933961228100e-19
2.652253061556212795e-19
2.646029612952432285e-19
2.603243403801442665e-19
2.618983216440329714e-19
2.625279141495884437e-19
2.737070582251964152e-19
2.796388960406117717e-19
2.951275836697518931e-19
3.214136885933773356e-19
3.273652595194811885e-19
3.717489233356078280e-19
3.916897872680760600e-19
4.315715151330125721e-19
4.997622174689832340e-19
5.131568197135489273e-19
6.295155459233048908e-19
6.830373753870392131e-19
8.028243270439683649e-19
9.851833650628992440e-19
1.040235150125217956e-18
1.241877950647072837e-18
1.243151589904684564e-18
1.248246146935131472e-18
1.195887860082561584e-18
1.163758911332120830e-18
1.114847472141630152e-18
1.112504581265156125e-18
1.030503400588566716e-18
9.600568529107023700e-19
8.590834679057636473e-19
7.165619574434061312e-19
6.740555420423543651e-19
5.352115087407667241e-19
5.247605071734786360e-19
4.481198290133737254e-19
4.269724130794185144e-19
4.014711173943548634e-19
3.858299977639879594e-19
3.810581307581132977e-19
3.795103985681164714e-19
3.813551658716378367e-19
4.079198150423457477e-19
4.283990528043688754e-19
4.657005215851966980e-19
4.695923489140433576e-19
4.719751003398677742e-19
3.914797908350267888e-19
3.799804609057637978e-19
2.838579116616750548e-19
2.762190197428000537e-19
2.212189979269001125e-19
2.081672338694313656e-19
1.829959746157416154e-19
1.693967030456967399e-19
1.587537948604442465e-19
1.463485140512609143e-19
1.424718637983911350e-19
1.315784415292517283e-19
1.310337704157947664e-19
1.226535219066772362e-19
1.219073538580738837e-19
1.162364766886883995e-19
1.148601927574155941e-19
1.113047926016275256e-19
1.096220217405462989e-19
1.074078495549131028e-19
1.056525806854847263e-19
1.043185763447191598e-19
1.027122169781137889e-19
1.020126733829791852e-19
1.006305410585075038e-19
1.003086746267812221e-19
9.933844545025161720e-20
9.924492938504394923e-20
9.878757024470054445e-20
9.902958884515008114e-20
9.910125653191141127e-20
9.974626571276338246e-20
9.994130932124683693e-20
1.015016581891144486e-19
1.019938788921004703e-19
1.039627617040445331e-19
1.080149913191173368e-19
1.137965835506337190e-19
1.227864581485917922e-19
1.363313672239974888e-19
1.589649951869085003e-19
2.010739228504807276e-19
2.907540816179171326e-19
5.478443766475535154e-19
7.889153184773585785e-19
5.647134030142566764e-19
3.697741872442610924e-19
2.724125899256487042e-19
2.415295097031741873e-19
2.455613252388275753e-19
2.646774996430742232e-19
2.713157564495396745e-19
2.572165618416057494e-19
2.474422879851010394e-19
2.619667758605827253e-19
3.019986179697662320e-19
3.340952632558707168e-19
3.058405104123494426e-19
2.443695747169757931e-19
1.952700027065901839e-19
1.652401031352416710e-19
1.486418889637354997e-19
1.413138633381067735e-19
1.409849269309381503e-19
1.467330644928403578e-19
1.373304367964867068e-19
1.235412630233379020e-19
1.194110254657852874e-19
1.230295452259045124e-19
1.285295711289070732e-19
1.191197437783021342e-19
1.106733599959595577e-19
1.066605600468953480e-19
1.048729703612517647e-19
1.038750116641763376e-19
1.035095480219395776e-19
1.035658050622749122e-19
1.041891655692956949e-19
1.055561084583555968e-19
1.085465496907628719e-19
1.156807770634513622e-19
1.314639134845399217e-19
1.306295161428136272e-19
1.264778680246188539e-19
1.423677099936084423e-19
1.907768211896907850e-19
1.564692114145538744e-19
1.502269948647002422e-19
1.556126453064937717e-19
1.579924685160640208e-19
1.566554845755868508e-19
1.655499169859982571e-19
1.332796215248514786e-19
1.205554996638222525e-19
1.186458109918796735e-19
1.060216645817756198e-19
9.797162843976568651e-20
9.338931217358146487e-20
9.019662910081647064e-20
8.791886104393949244e-20
8.655040467885245041e-20
8.416461140819183888e-20
8.178693000230842448e-20
7.997504800388170232e-20
7.839731698568268983e-20
7.701692017772061208e-20
7.570245431528960086e-20
7.443537374583785654e-20
7.332763378159701814e-20
7.224042306053741012e-20
7.125161150973883841e-20
7.033349531403819939e-20
6.942402268795267033e-20
6.863418048826404255e-20
6.786064014572656244e-20
6.715069818727362503e-20
6.653305392697797183e-20
6.598908857718358613e-20
6.547489008136900660e-20
6.498747862461770111e-20
6.455970049408799153e-20
6.422055550012612744e-20
6.399391270189199570e-20
6.381505645848691086e-20
6.365491376849467558e-20
6.359464650828454491e-20
6.362334077393248247e-20
6.372457404510536986e-20
6.390584614883130789e-20
6.413844991656414263e-20
6.446412316655708601e-20
6.488269803483463079e-20
6.537908403071189242e-20
6.593828927883284772e-20
6.664441640099484944e-20
6.739888328354001203e-20
6.828918042999841749e-20
6.921223019617653322e-20
7.030947254916923637e-20
7.144618296147153667e-20
7.269643299657396084e-20
7.409093336282065468e-20
7.551932730750941586e-20
7.710569689197405342e-20
7.874292120873739442e-20
8.042451768238607967e-20
8.227059205816074497e-20
8.415488533556729274e-20
8.611787743031930280e-20
8.814479232106909800e-20
9.025177416567437093e-20
9.235792657305477037e-20
9.452361502239089555e-20
9.673951512458342035e-20
9.887403302982703284e-20
1.011198336721327431e-19
1.032737311745496732e-19
1.053385429413341190e-19
1.074412149691208429e-19
1.094495369586643420e-19
1.114359733484773315e-19
1.133298707674363491e-19
1.151301866973247979e-19
1.167883876559223723e-19
1.184289045162380236e-19
1.199202636728327841e-19
1.213486677839501390e-19
1.226415908950561612e-19
1.237965198246653439e-19
1.248317571060971496e-19
1.258256645955559660e-19
1.266316772330598187e-19
1.273483850353647413e-19
1.279478854548046453e-19
1.283867694317834607e-19
1.288579697767342962e-19
1.291767046049164095e-19
1.294139833514542238e-19
1.295082045851373891e-19
1.295976893282089477e-19
1.295311430101294713e-19
1.295097195944858906e-19
1.293184307762258400e-19
1.291558947204415569e-19
1.288743802068579735e-19
1.286435933616594899e-19
1.282783942209217135e-19
1.279241945603003322e-19
1.275441830891317168e-19
1.271196436424653770e-19
1.266691444862582464e-19
1.261746373492611645e-19
1.256576316044022067e-19
1.251648111574575684e-19
1.246454167115290661e-19
1.240701928397255764e-19
1.235306178982067145e-19
1.229580176656506337e-19
1.223676728803811322e-19
1.218127006227946544e-19
1.212576430142804081e-19
1.206537269216416937e-19
1.200053013963921743e-19
1.194397975780996209e-19
1.188603145716768781e-19
1.182351344435959026e-19
1.176165731787273144e-19
1.170336980033742554e-19
1.164070153624665285e-19
1.158200652765442488e-19
1.151873725966181768e-19
1.145658470905908419e-19
1.139313565922458305e-19
1.133074471600304583e-19
1.126900355578537167e-19
1.120646451059424108e-19
1.114432528946882960e-19
1.107963231256593082e-19
1.101418217014019118e-19
1.095526531518491887e-19
1.089001927247952419e-19
1.083003071702698963e-19
1.076301817681444559e-19
1.070364758529576494e-19
1.063987176967243860e-19
1.057869661026011382e-19
1.051376641838092874e-19
1.045371974847126616e-19
1.038596795247197491e-19
1.032486496887178185e-19
1.025852193400416856e-19
1.019366079414458092e-19
1.013230609446746727e-19
1.006913148721116521e-19
1.000694616406442231e-19
9.943431165393561130e-20
9.880588943527902829e-20
9.819086545269909330e-20
9.754478283830256496e-20
9.691271149732395642e-20
9.628738384286141375e-20
9.566106440106251910e-20
9.501015262214561402e-20
9.436674190788456152e-20
9.374030189850333171e-20
9.310736965819357700e-20
9.250693728622514347e-20
9.191241295266757014e-20
9.126767945252036444e-20
9.068798145045635446e-20
9.005406523395048927e-20
8.940373641444165656e-20
8.878721099524996747e-20
8.815200460673918048e-20
8.753817756281157992e-20
8.690666067615515017e-20
8.627442582605354301e-20
8.563922939243213991e-20
8.501203732391305114e-20
8.437682930350387585e-20
8.376761175485022786e-20
8.314264136277951103e-20
8.251383323553054009e-20
8.190511985046383811e-20
8.131651657814025457e-20
8.069691406176638588e-20
8.007839823660872727e-20
7.948333093306810764e-20
7.886046275529844151e-20
7.824640814827507771e-20
7.765323552898487881e-20
7.703430384887384812e-20
7.643618735365977850e-20
7.581567037322567744e-20
7.520443724133750245e-20
7.460584282056355107e-20
7.398676193062084897e-20
7.338459423183948451e-20
7.277104059502286299e-20
7.217148695449621667e-20
7.155119862354366414e-20
7.096358177675881275e-20
7.038497801216686649e-20
6.968284708404434956e-20
6.914284703675145351e-20
6.847213483584184556e-20
6.793728196957213576e-20
6.729026172591364168e-20
6.666382691879357845e-20
6.617275291792404649e-20
6.557590075696112510e-20
6.498404268966586233e-20
6.429944111399156926e-20
6.375578931907510793e-20
6.322122258900876887e-20
6.260817611804982244e-20
6.210463831545301422e-20
6.152479122178816193e-20
6.108825176781533370e-20
6.053853164508831579e-20
6.000500861449687138e-20
5.950122036429871888e-20
5.901655870538107220e-20
5.845317446353282346e-20
5.802389710359811234e-20
5.760498439708045826e-20
5.713392348040327015e-20
5.667873362825757993e-20
5.635970915125585938e-20
5.596077258704001140e-20
5.557490342429494209e-20
5.521204829253608590e-20
5.486601994888654904e-20
5.441839382895610087e-20
5.403520212405045544e-20
5.354462349797098210e-20
5.303126506219134385e-20
5.240068846288412687e-20
5.167512021258741689e-20
5.087586562139331825e-20
5.003607344716565327e-20
4.913873255621302261e-20
4.816608456551321708e-20
4.726143554832213496e-20
4.628871521055483389e-20
4.534390630357201302e-20
4.441903108510366082e-20
4.352028349143369847e-20
4.264001833215546502e-20
4.178987289967133248e-20
4.096313476250476452e-20
4.011102076122921796e-20
3.928883342682175981e-20
3.853783960261294225e-20
3.775436286912791459e-20
3.699041244532979771e-20
3.620083806791646424e-20
3.547685075128014041e-20
3.477274934286966556e-20
3.404241226793593243e-20
3.333079121332487804e-20
3.263422117175872586e-20
3.195740469481682095e-20
3.129019309463153368e-20
3.063667012386555049e-20
2.996805093214658118e-20
2.931415116987614863e-20
2.867046297962022273e-20
2.804534608928892646e-20
2.743162403156660786e-20
2.682898806029192111e-20
2.623901787269187810e-20
2.563710178372929610e-20
2.504686876462648316e-20
2.446975790395442778e-20
2.390360605656208451e-20
2.335209876274384893e-20
2.278591612635478442e-20
2.225696283805087372e-20
2.171639651453640628e-20
2.118971568534502602e-20
2.067539352816443761e-20
2.014981084921831008e-20
1.965719439127542006e-20
1.915748378965259973e-20
1.866939966943016714e-20
1.819113466430299917e-20
1.772705609067288136e-20
1.727343201861570560e-20
1.681496400066280266e-20
1.636601893822849553e-20
1.593193153399503149e-20
1.550659478163132098e-20
1.509392170537889496e-20
1.467523190501969644e-20
1.426938493528301988e-20
1.387312641698128760e-20
1.348264982243962003e-20
1.310126162830623485e-20
1.271722234842998347e-20
1.233884323468814700e-20
1.196996685105068000e-20
1.160284371295314902e-20
1.124056882642338202e-20
1.089335991817036241e-20
1.054850643169858145e-20
1.021305572148301500e-20
9.881478177077044583e-21
9.568525717899193271e-21
9.256054865412228709e-21
8.957339805119078769e-21
8.665800608039900297e-21
8.378988302676408107e-21
8.107912230174934733e-21
7.838390016359502914e-21
7.573935947763019733e-21
7.322765029945382315e-21
7.074458320179644856e-21
6.835579060057638566e-21
6.604188070396707945e-21
6.381520577518878697e-21
6.161644005236461949e-21
5.950199426031139995e-21
5.743717443291149619e-21
5.542469238624679974e-21
5.352454352609681246e-21
5.163413987163845735e-21
4.979439202425337221e-21
4.805684340404540668e-21
4.634458169319288389e-21
4.469928066539581503e-21
4.310573040417089469e-21
4.154318249018109692e-21
4.004250855241412475e-21
3.860308058889630090e-21
3.718527873271057949e-21
3.584687934670905378e-21
3.452827288227213462e-21
3.324527879790300608e-21
3.201437414202414129e-21
3.085225468434155315e-21
2.968633756200566438e-21
2.859575613590548257e-21
2.752431703497482512e-21
2.647769842355163399e-21
2.548335975998336270e-21
2.452772951468843445e-21
2.360256745260627404e-21
2.269951497948287298e-21
2.184120446355077101e-21
2.099857431322868032e-21
2.019205360148687030e-21
1.941534843438995944e-21
1.867316802997191540e-21
1.794440697026687294e-21
1.725684657730386743e-21
1.657877396522539360e-21
1.594315998258425235e-21
1.531528877851255438e-21
1.471965173800717815e-21
1.413831842943983771e-21
1.358537892444653029e-21
1.304663428317723414e-21
1.253340448618130923e-21
1.203930647654877653e-21
1.155818835790728249e-21
1.109818221990994714e-21
1.065443056467241599e-21
1.022576597806204343e-21
9.816181307264079238e-22
9.424854656382603483e-22
9.047222573101771677e-22
8.679492547220799417e-22
8.329155641653186464e-22
7.991445873921772943e-22
7.665520895108425117e-22
7.354770752949778901e-22
7.055869815797391315e-22
6.767684564360797985e-22
6.490589761513815259e-22
6.224757775739845945e-22
5.969170095703302310e-22
5.723023061593310114e-22
5.487160620304999318e-22
5.261692872366378724e-22
5.044015895926287732e-22
4.836061953591476013e-22
4.635224527141084020e-22
4.441675879591086892e-22
4.258218263762282102e-22
4.080238515651320618e-22
3.911204541760112303e-22
3.746714419781681250e-22
3.590933541543184350e-22
3.439731188924548280e-22
3.295970105001925947e-22
3.156756647241552869e-22
3.025108678144988630e-22
2.897090522549757943e-22
2.775507064208620170e-22
2.658013635001799791e-22
2.545434962875888774e-22
2.437786184024466250e-22
2.334679833969099477e-22
2.235930323214057833e-22
2.140911136301517628e-22
2.049535862290143334e-22
1.962611873903447458e-22
1.879083731269103718e-22
1.799249093155572760e-22
1.722398434383729871e-22
1.648985072789060309e-22
1.578548808704819002e-22
1.510691035708775455e-22
1.446071637111537095e-22
1.383854540792594599e-22
1.324520032956533504e-22
1.267426304237196608e-22
1.212684239667138907e-22
1.160376345015118626e-22
1.110263308779797700e-22
1.062124928539456730e-22
1.016328322896368588e-22
9.722524507468459353e-23
9.302035438890349598e-23
8.897577085051204301e-23
8.510167705753376680e-23
8.138954601184492926e-23
7.784345921761263491e-23
7.442780622631304525e-23
7.118991336027938214e-23
6.805301116353236025e-23
6.507347237615514974e-23
6.223165289016419149e-23
5.946269498298378779e-23
5.684521886107347534e-23
5.433894516289242956e-23
5.194347296744556495e-23
4.964032787724904534e-23
4.744927589722285157e-23
4.533756493491556542e-23
4.332123250781489717e-23
4.140547043806927590e-23
3.954247867867323587e-23
3.779222601855408352e-23
3.610639298734170645e-23
3.448535513715378371e-23
3.294901341483934614e-23
3.147991085688876180e-23
3.005937589069517212e-23
2.870237386667226216e-23
2.742951041208977261e-23
2.619285111095536448e-23
2.499015112121287421e-23
2.388185822018184506e-23
2.279116334678532841e-23
2.178965963782807756e-23
2.078942818827333811e-23
1.984303688522463165e-23
1.897874176914428095e-23
1.812074626555227307e-23
1.729737882497445231e-23
1.649109426726324098e-23
1.574882850159686817e-23
1.504181613864008738e-23
1.434716632379734509e-23
1.370765167613579873e-23
1.307539179550403817e-23
1.249617781612423373e-23
1.192242257238641474e-23
1.137820099846597856e-23
1.085951500847547720e-23
1.036586741838761044e-23
9.880469141468170968e-24
9.434383597516781889e-24
9.010171405302540980e-24
8.590791814542167273e-24
8.193441856591778976e-24
7.827929299577421590e-24
7.467901355828914449e-24
7.124915923087395241e-24
6.799663392079691087e-24
6.489558231792134546e-24
6.184726824971645551e-24
5.904352382258037107e-24
5.629812508936085652e-24
5.375750838179723757e-24
5.126894688328014868e-24
4.890416380982268421e-24
4.665876751111600018e-24
4.451859407767075381e-24
4.248669315043159654e-24
4.049633946746740428e-24
3.865329729412251348e-24
3.684955265717603214e-24
3.514243579760187801e-24
3.351861888876812859e-24
3.197634883325267342e-24
3.050627599518514885e-24
2.910902149612813383e-24
2.778325075940915268e-24
2.648424816302838388e-24
2.525545969174919942e-24
2.411132292477018649e-24
2.299751193515142861e-24
2.193611619866838208e-24
2.090624153144762296e-24
1.994824107681271607e-24
1.903671061758575957e-24
1.815069914879449488e-24
1.730949476590891133e-24
1.650582158238010645e-24
1.574543661970901408e-24
1.502422198724275015e-24
1.433332813398854413e-24
1.366051863596974808e-24
1.302874016936000343e-24
1.242193807046218291e-24
1.184831302815723650e-24
1.130636514100233587e-24
1.078383880096179062e-24
1.029059624361527959e-24
9.810820481376823125e-25
9.357236741192675477e-25
8.922141231388657129e-25
8.512888799793169841e-25
8.122593179906138098e-25
7.742743546486481481e-25
7.390020083330488971e-25
7.046963920552982387e-25
6.722090146003775559e-25
6.409377197837177630e-25
6.109685703976949537e-25
5.830557760816614817e-25
5.561532574684222283e-25
5.301396339785909632e-25
5.058290082979019373e-25
4.826110083200585526e-25
4.605028533917212221e-25
4.391287340968820461e-25
4.188112462010662439e-25
3.995033188846839807e-25
3.810327816307259235e-25
3.636143471836763573e-25
3.467339867061618120e-25
3.306907148476212508e-25
3.154511473959386222e-25
3.009486146388215692e-25
2.871927447385375476e-25
2.738910190097362797e-25
2.612459262366828667e-25
2.492174522889609564e-25
2.377925636310545896e-25
2.267638756797932148e-25
2.164500873101959989e-25
2.064924307795320461e-25
1.970017219651200167e-25
1.878804999427553420e-25
1.793113683839390870e-25
1.710537575480258230e-25
1.632075249233261683e-25
1.557664259807344568e-25
1.485643934973736491e-25
1.418264063160824294e-25
1.353285483339227576e-25
1.290524617126274261e-25
1.231810364148387237e-25
1.175136751991654106e-25
1.121381204333076701e-25
1.070309877303643278e-25
1.021652143501650964e-25
9.747324897352245432e-26
9.300899213739487543e-26
8.875999626113943620e-26
8.466463911541001336e-26
8.082590142390707756e-26
7.713548107957814588e-26
7.357043408883307547e-26
7.023995586904475523e-26
6.701785786484573589e-26
6.397094051429098305e-26
6.106437981179093632e-26
5.826944254422787605e-26
5.560638887061814979e-26
5.307531591933955754e-26
5.064861564493660560e-26
4.836012880189558751e-26
4.616074302542936617e-26
4.404425995161894197e-26
4.203360811246003291e-26
4.015163713399970143e-26
3.830422933540211150e-26
3.657699001245554246e-26
3.491938061387810349e-26
3.331916934015591552e-26
3.182099115165164059e-26
3.037058283682053278e-26
2.900303726840749662e-26
2.768059977121892199e-26
2.643457868658374009e-26
2.523185187283093568e-26
2.409977698316700227e-26
2.300666741374060382e-26
2.197273891929165749e-26
2.097016177555777743e-26
2.003290746100717256e-26
1.911498142633056797e-26
1.825796566536750997e-26
1.743282459334062133e-26
1.665064127596906829e-26
1.589850580784483276e-26
1.517459303957191224e-26
1.448755135378952093e-26
1.384430507457005793e-26
1.321570253059049881e-26
1.262407092974230250e-26
1.205511321577784192e-26
1.151536123253987716e-26
1.099271675948414045e-26
1.049983760597934003e-26
1.003092573217506051e-26
9.578648124512994476e-27
9.147252544019874332e-27
8.739010263472907598e-27
8.347209181238262657e-27
7.971533940933090770e-27
7.614509374904060509e-27
7.274066054172305252e-27
6.947634457814548246e-27
6.637239785917120588e-27
6.339149195702845263e-27
6.055998885740262376e-27
5.784132745379964020e-27
5.525382337802670601e-27
5.278858623562651202e-27
5.043020099381966170e-27
4.818311901163791962e-27
4.602884721112096841e-27
4.396454705682376964e-27
4.201640339510333542e-27
4.013461578256814466e-27
3.835065695015922463e-27
3.663434650190830309e-27
3.501021368030798889e-27
3.344604874588320260e-27
3.196248626164821692e-27
3.053564007955795678e-27
2.918124100981771677e-27
2.787803884373633152e-27
2.664991117935000140e-27
2.545820220444037597e-27
2.432613792809146952e-27
2.325162691270826064e-27
2.221915413766795519e-27
2.123642548036955071e-27
2.029665376304070024e-27
1.939346321578618395e-27
1.853509777227990766e-27
1.771431026310336022e-27
1.693306659958932745e-27
1.618201037584400505e-27
1.547103894335014000e-27
1.478806363909723512e-27
1.413374618563159762e-27
1.350660632396351019e-27
1.290939348666502517e-27
1.234025950652592953e-27
1.179602966293573244e-27
1.127473099455961807e-27
1.077860875816732610e-27
1.030220789759607970e-27
9.846577651775278493e-28
9.413561409435465380e-28
8.999829911631438298e-28
8.604392117741788048e-28
8.226940454021834029e-28
7.864399967655010350e-28
7.515300226299945718e-28
7.188005147238887265e-28
6.870625802185591473e-28
6.570244810478505699e-28
6.279796505960070234e-28
6.006261521338792826e-28
5.741588231365259349e-28
5.490010950740252171e-28
5.248775626304355490e-28
5.018988291103208751e-28
4.800773788916299797e-28
4.589241820491272450e-28
4.389433343104083884e-28
4.196923419036448260e-28
4.012388199308836118e-28
3.835736296716707572e-28
3.668474713910851815e-28
3.507451313513629033e-28
3.352410353524715138e-28
3.205253024228778445e-28
3.065331529236890129e-28
2.930044009378886983e-28
2.800923031019149597e-28
2.677762372102291993e-28
2.560360162161783005e-28
