1.000000000000000000e+03
1.008999999999999886e+03
1.018999999999999886e+03
1.028000000000000000e+03
1.038000000000000000e+03
1.047000000000000000e+03
1.057000000000000000e+03
1.067000000000000000e+03
1.076000000000000000e+03
1.086000000000000000e+03
1.096000000000000000e+03
1.107000000000000000e+03
1.117000000000000000e+03
1.127000000000000000e+03
1.138000000000000000e+03
1.148000000000000000e+03
1.159000000000000000e+03
1.169000000000000000e+03
1.180000000000000000e+03
1.191000000000000000e+03
1.202000000000000000e+03
1.213000000000000000e+03
1.225000000000000000e+03
1.236000000000000000e+03
1.247000000000000000e+03
1.259000000000000000e+03
1.271000000000000000e+03
1.282000000000000000e+03
1.294000000000000000e+03
1.306000000000000000e+03
1.318000000000000000e+03
1.330000000000000000e+03
1.343000000000000000e+03
1.355000000000000000e+03
1.368000000000000000e+03
1.380000000000000000e+03
1.393000000000000000e+03
1.406000000000000000e+03
1.419000000000000000e+03
1.432000000000000000e+03
1.445000000000000000e+03
1.459000000000000000e+03
1.472000000000000000e+03
1.486000000000000000e+03
1.500000000000000000e+03
1.514000000000000000e+03
1.528000000000000000e+03
1.542000000000000000e+03
1.556000000000000000e+03
1.570000000000000000e+03
1.585000000000000000e+03
1.600000000000000000e+03
1.614000000000000000e+03
1.629000000000000000e+03
1.644000000000000000e+03
1.660000000000000000e+03
1.675000000000000000e+03
1.690000000000000000e+03
1.706000000000000000e+03
1.722000000000000000e+03
1.738000000000000000e+03
1.754000000000000000e+03
1.770000000000000000e+03
1.786000000000000000e+03
1.803000000000000000e+03
1.820000000000000000e+03
1.837000000000000000e+03
1.854000000000000000e+03
1.871000000000000000e+03
1.888000000000000000e+03
1.905000000000000000e+03
1.923000000000000000e+03
1.941000000000000000e+03
1.959000000000000000e+03
1.977000000000000000e+03
1.995000000000000000e+03
2.013999999999999773e+03
2.032000000000000000e+03
2.051000000000000000e+03
2.070000000000000000e+03
2.089000000000000000e+03
2.109000000000000000e+03
2.128000000000000000e+03
2.148000000000000000e+03
2.168000000000000000e+03
2.188000000000000000e+03
2.208000000000000000e+03
2.228000000000000000e+03
2.249000000000000000e+03
2.270000000000000000e+03
2.291000000000000000e+03
2.312000000000000000e+03
2.333000000000000000e+03
2.355000000000000000e+03
2.377000000000000000e+03
2.399000000000000000e+03
2.421000000000000000e+03
2.443000000000000000e+03
2.466000000000000000e+03
2.489000000000000000e+03
2.512000000000000000e+03
2.535000000000000000e+03
2.559000000000000000e+03
2.582000000000000000e+03
2.606000000000000000e+03
2.630000000000000000e+03
2.655000000000000000e+03
2.679000000000000000e+03
2.704000000000000000e+03
2.729000000000000000e+03
2.754000000000000000e+03
2.780000000000000000e+03
2.805000000000000000e+03
2.831000000000000000e+03
2.858000000000000000e+03
2.884000000000000000e+03
2.911000000000000000e+03
2.938000000000000000e+03
2.965000000000000000e+03
2.992000000000000000e+03
3.020000000000000000e+03
3.048000000000000000e+03
3.076000000000000000e+03
3.105000000000000000e+03
3.133000000000000000e+03
3.162000000000000000e+03
3.192000000000000000e+03
3.221000000000000000e+03
3.251000000000000000e+03
3.281000000000000000e+03
3.311000000000000000e+03
3.342000000000000000e+03
3.373000000000000000e+03
3.404000000000000000e+03
3.436000000000000000e+03
3.467000000000000000e+03
3.499000000000000000e+03
3.532000000000000000e+03
3.565000000000000000e+03
3.597000000000000000e+03
3.631000000000000000e+03
3.664000000000000000e+03
3.698000000000000000e+03
3.733000000000000000e+03
3.767000000000000000e+03
3.802000000000000000e+03
3.837000000000000000e+03
3.873000000000000000e+03
3.908000000000000000e+03
3.945000000000000000e+03
3.981000000000000000e+03
4.018000000000000000e+03
4.054999999999999545e+03
4.093000000000000000e+03
4.130000000000000000e+03
4.169000000000000000e+03
4.207000000000000000e+03
4.246000000000000000e+03
4.285000000000000000e+03
4.325000000000000000e+03
4.365000000000000000e+03
4.406000000000000000e+03
4.446000000000000000e+03
4.487000000000000000e+03
4.529000000000000000e+03
4.571000000000000000e+03
4.613000000000000000e+03
4.656000000000000000e+03
4.699000000000000000e+03
4.742000000000000000e+03
4.786000000000000000e+03
4.831000000000000000e+03
4.875000000000000000e+03
4.920000000000000000e+03
4.966000000000000000e+03
5.012000000000000000e+03
5.058000000000000000e+03
5.105000000000000000e+03
5.152000000000000000e+03
5.200000000000000000e+03
5.248000000000000000e+03
5.297000000000000000e+03
5.346000000000000000e+03
5.395000000000000000e+03
5.445000000000000000e+03
5.495000000000000000e+03
5.546000000000000000e+03
5.598000000000000000e+03
5.649000000000000000e+03
5.702000000000000000e+03
5.754000000000000000e+03
5.808000000000000000e+03
5.861000000000000000e+03
5.916000000000000000e+03
5.970000000000000000e+03
6.026000000000000000e+03
6.081000000000000000e+03
6.138000000000000000e+03
6.194000000000000000e+03
6.252000000000000000e+03
6.310000000000000000e+03
6.368000000000000000e+03
6.427000000000000000e+03
6.486000000000000000e+03
6.546000000000000000e+03
6.607000000000000000e+03
6.668000000000000000e+03
6.730000000000000000e+03
6.792000000000000000e+03
6.855000000000000000e+03
6.918000000000000000e+03
6.982000000000000000e+03
7.047000000000000000e+03
7.112000000000000000e+03
7.178000000000000000e+03
7.244000000000000000e+03
7.311000000000000000e+03
7.379000000000000000e+03
7.447000000000000000e+03
7.516000000000000000e+03
7.586000000000000000e+03
7.656000000000000000e+03
7.727000000000000000e+03
7.798000000000000000e+03
7.870000000000000000e+03
7.943000000000000000e+03
8.016999999999999091e+03
8.090999999999999091e+03
8.166000000000000000e+03
8.241000000000000000e+03
8.318000000000000000e+03
8.395000000000000000e+03
8.472000000000000000e+03
8.551000000000000000e+03
8.630000000000000000e+03
8.710000000000000000e+03
8.790000000000000000e+03
8.872000000000000000e+03
8.954000000000000000e+03
9.036000000000000000e+03
9.120000000000000000e+03
9.204000000000000000e+03
9.290000000000000000e+03
9.376000000000000000e+03
9.462000000000000000e+03
9.550000000000000000e+03
9.638000000000000000e+03
9.727000000000000000e+03
9.817000000000000000e+03
9.908000000000000000e+03
1.000000000000000000e+04
1.009000000000000000e+04
1.019000000000000000e+04
1.028000000000000000e+04
1.038000000000000000e+04
1.047000000000000000e+04
1.057000000000000000e+04
1.067000000000000000e+04
1.076000000000000000e+04
1.086000000000000000e+04
1.096000000000000000e+04
1.107000000000000000e+04
1.117000000000000000e+04
1.127000000000000000e+04
1.138000000000000000e+04
1.148000000000000000e+04
1.159000000000000000e+04
1.169000000000000000e+04
1.180000000000000000e+04
1.191000000000000000e+04
1.202000000000000000e+04
1.213000000000000000e+04
1.225000000000000000e+04
1.236000000000000000e+04
1.247000000000000000e+04
1.259000000000000000e+04
1.271000000000000000e+04
1.282000000000000000e+04
1.294000000000000000e+04
1.306000000000000000e+04
1.318000000000000000e+04
1.330000000000000000e+04
1.343000000000000000e+04
1.355000000000000000e+04
1.368000000000000000e+04
1.380000000000000000e+04
1.393000000000000000e+04
1.406000000000000000e+04
1.419000000000000000e+04
1.432000000000000000e+04
1.445000000000000000e+04
1.459000000000000000e+04
1.472000000000000000e+04
1.486000000000000000e+04
1.500000000000000000e+04
1.514000000000000000e+04
1.528000000000000000e+04
1.542000000000000000e+04
1.556000000000000000e+04
1.570000000000000000e+04
1.585000000000000000e+04
1.600000000000000000e+04
1.614000000000000000e+04
1.629000000000000000e+04
1.644000000000000000e+04
1.660000000000000000e+04
1.675000000000000000e+04
1.690000000000000000e+04
1.706000000000000000e+04
1.722000000000000000e+04
1.738000000000000000e+04
1.754000000000000000e+04
1.770000000000000000e+04
1.786000000000000000e+04
1.803000000000000000e+04
1.820000000000000000e+04
1.837000000000000000e+04
1.854000000000000000e+04
1.871000000000000000e+04
1.888000000000000000e+04
1.905000000000000000e+04
1.923000000000000000e+04
1.941000000000000000e+04
1.959000000000000000e+04
1.977000000000000000e+04
1.995000000000000000e+04
2.014000000000000000e+04
2.032000000000000000e+04
2.051000000000000000e+04
2.070000000000000000e+04
2.089000000000000000e+04
2.109000000000000000e+04
2.128000000000000000e+04
2.148000000000000000e+04
2.168000000000000000e+04
2.188000000000000000e+04
2.208000000000000000e+04
2.228000000000000000e+04
2.249000000000000000e+04
2.270000000000000000e+04
2.291000000000000000e+04
2.312000000000000000e+04
2.333000000000000000e+04
2.355000000000000000e+04
2.377000000000000000e+04
2.399000000000000000e+04
2.421000000000000000e+04
2.443000000000000000e+04
2.466000000000000000e+04
2.489000000000000000e+04
2.512000000000000000e+04
2.535000000000000000e+04
2.559000000000000000e+04
2.582000000000000000e+04
2.606000000000000000e+04
2.630000000000000000e+04
2.655000000000000000e+04
2.679000000000000000e+04
2.704000000000000000e+04
2.729000000000000000e+04
2.754000000000000000e+04
2.780000000000000000e+04
2.805000000000000000e+04
2.831000000000000000e+04
2.858000000000000000e+04
2.884000000000000000e+04
2.911000000000000000e+04
2.938000000000000000e+04
2.965000000000000000e+04
2.992000000000000000e+04
3.020000000000000000e+04
3.048000000000000000e+04
3.076000000000000000e+04
3.105000000000000000e+04
3.133000000000000000e+04
3.162000000000000000e+04
3.192000000000000000e+04
3.221000000000000000e+04
3.250999999999999636e+04
3.281000000000000000e+04
3.311000000000000000e+04
3.342000000000000000e+04
3.373000000000000000e+04
3.404000000000000000e+04
3.436000000000000000e+04
3.467000000000000000e+04
3.499000000000000000e+04
3.532000000000000000e+04
3.565000000000000000e+04
3.597000000000000000e+04
3.631000000000000000e+04
3.664000000000000000e+04
3.698000000000000000e+04
3.733000000000000000e+04
3.767000000000000000e+04
3.802000000000000000e+04
3.837000000000000000e+04
3.873000000000000000e+04
3.908000000000000000e+04
3.945000000000000000e+04
3.981000000000000000e+04
4.018000000000000000e+04
4.055000000000000000e+04
4.093000000000000000e+04
4.130000000000000000e+04
4.169000000000000000e+04
4.207000000000000000e+04
4.246000000000000000e+04
4.285000000000000000e+04
4.325000000000000000e+04
4.365000000000000000e+04
4.406000000000000000e+04
4.446000000000000000e+04
4.487000000000000000e+04
4.529000000000000000e+04
4.571000000000000000e+04
4.613000000000000000e+04
4.656000000000000000e+04
4.699000000000000000e+04
4.742000000000000000e+04
4.786000000000000000e+04
4.831000000000000000e+04
4.875000000000000000e+04
4.920000000000000000e+04
4.966000000000000000e+04
5.012000000000000000e+04
5.058000000000000000e+04
5.105000000000000000e+04
5.152000000000000000e+04
5.200000000000000000e+04
5.248000000000000000e+04
5.297000000000000000e+04
5.346000000000000000e+04
5.395000000000000000e+04
5.445000000000000000e+04
5.495000000000000000e+04
5.546000000000000000e+04
5.598000000000000000e+04
5.649000000000000000e+04
5.702000000000000000e+04
5.754000000000000000e+04
5.808000000000000000e+04
5.861000000000000000e+04
5.916000000000000000e+04
5.970000000000000000e+04
6.026000000000000000e+04
6.081000000000000000e+04
6.138000000000000000e+04
6.194000000000000000e+04
6.252000000000000000e+04
6.310000000000000000e+04
6.368000000000000000e+04
6.426999999999999272e+04
6.486000000000000000e+04
6.545999999999999272e+04
6.607000000000000000e+04
6.668000000000000000e+04
6.730000000000000000e+04
6.792000000000000000e+04
6.855000000000000000e+04
6.918000000000000000e+04
6.982000000000000000e+04
7.047000000000000000e+04
7.112000000000000000e+04
7.178000000000000000e+04
7.244000000000000000e+04
7.311000000000000000e+04
7.379000000000000000e+04
7.447000000000000000e+04
7.516000000000000000e+04
7.586000000000000000e+04
7.656000000000000000e+04
7.727000000000000000e+04
7.798000000000000000e+04
7.870000000000000000e+04
7.943000000000000000e+04
8.017000000000000000e+04
8.091000000000000000e+04
8.166000000000000000e+04
8.241000000000000000e+04
8.318000000000000000e+04
8.395000000000000000e+04
8.472000000000000000e+04
8.551000000000000000e+04
8.630000000000000000e+04
8.710000000000000000e+04
8.790000000000000000e+04
8.872000000000000000e+04
8.954000000000000000e+04
9.036000000000000000e+04
9.120000000000000000e+04
9.204000000000000000e+04
9.290000000000000000e+04
9.376000000000000000e+04
9.462000000000000000e+04
9.550000000000000000e+04
9.638000000000000000e+04
9.727000000000000000e+04
9.817000000000000000e+04
9.908000000000000000e+04
1.000000000000000000e+05
1.009000000000000000e+05
1.019000000000000000e+05
1.028000000000000000e+05
1.038000000000000000e+05
1.047000000000000000e+05
1.057000000000000000e+05
1.067000000000000000e+05
1.076000000000000000e+05
1.086000000000000000e+05
1.096000000000000000e+05
1.107000000000000000e+05
1.117000000000000000e+05
1.127000000000000000e+05
1.138000000000000000e+05
1.148000000000000000e+05
1.159000000000000000e+05
1.169000000000000000e+05
1.180000000000000000e+05
1.191000000000000000e+05
1.202000000000000000e+05
1.213000000000000000e+05
1.225000000000000000e+05
1.236000000000000000e+05
1.247000000000000000e+05
1.259000000000000000e+05
1.271000000000000000e+05
1.281999999999999854e+05
1.294000000000000000e+05
1.306000000000000000e+05
1.318000000000000000e+05
1.330000000000000000e+05
1.343000000000000000e+05
1.355000000000000000e+05
1.368000000000000000e+05
1.380000000000000000e+05
1.393000000000000000e+05
1.406000000000000000e+05
1.419000000000000000e+05
1.432000000000000000e+05
1.445000000000000000e+05
1.459000000000000000e+05
1.472000000000000000e+05
1.486000000000000000e+05
1.500000000000000000e+05
1.514000000000000000e+05
1.528000000000000000e+05
1.542000000000000000e+05
1.556000000000000000e+05
1.570000000000000000e+05
1.585000000000000000e+05
1.600000000000000000e+05
1.614000000000000000e+05
1.629000000000000000e+05
1.644000000000000000e+05
1.660000000000000000e+05
1.675000000000000000e+05
1.690000000000000000e+05
1.706000000000000000e+05
1.722000000000000000e+05
1.738000000000000000e+05
1.754000000000000000e+05
1.770000000000000000e+05
1.786000000000000000e+05
1.803000000000000000e+05
1.820000000000000000e+05
1.837000000000000000e+05
1.854000000000000000e+05
1.871000000000000000e+05
1.888000000000000000e+05
1.905000000000000000e+05
1.923000000000000000e+05
1.941000000000000000e+05
1.959000000000000000e+05
1.977000000000000000e+05
1.995000000000000000e+05
2.014000000000000000e+05
2.032000000000000000e+05
2.051000000000000000e+05
2.070000000000000000e+05
2.089000000000000000e+05
2.109000000000000000e+05
2.128000000000000000e+05
2.148000000000000000e+05
2.168000000000000000e+05
2.188000000000000000e+05
2.208000000000000000e+05
2.228000000000000000e+05
2.249000000000000000e+05
2.270000000000000000e+05
2.291000000000000000e+05
2.312000000000000000e+05
2.333000000000000000e+05
2.355000000000000000e+05
2.377000000000000000e+05
2.399000000000000000e+05
2.421000000000000000e+05
2.443000000000000000e+05
2.466000000000000000e+05
2.489000000000000000e+05
2.512000000000000000e+05
2.535000000000000000e+05
2.559000000000000000e+05
2.582000000000000000e+05
2.606000000000000291e+05
2.630000000000000000e+05
2.655000000000000000e+05
2.679000000000000000e+05
2.704000000000000000e+05
2.729000000000000000e+05
2.754000000000000000e+05
2.780000000000000000e+05
2.805000000000000000e+05
2.831000000000000000e+05
2.858000000000000000e+05
2.884000000000000000e+05
2.911000000000000000e+05
2.938000000000000000e+05
2.965000000000000000e+05
2.992000000000000000e+05
3.020000000000000000e+05
3.048000000000000000e+05
3.076000000000000000e+05
3.105000000000000000e+05
3.133000000000000000e+05
3.162000000000000000e+05
3.192000000000000000e+05
3.221000000000000000e+05
3.251000000000000000e+05
3.281000000000000000e+05
3.311000000000000000e+05
3.342000000000000000e+05
3.373000000000000000e+05
3.404000000000000000e+05
3.436000000000000000e+05
3.467000000000000000e+05
3.499000000000000000e+05
3.532000000000000000e+05
3.565000000000000000e+05
3.597000000000000000e+05
3.631000000000000000e+05
3.664000000000000000e+05
3.698000000000000000e+05
3.733000000000000000e+05
3.767000000000000000e+05
3.802000000000000000e+05
3.837000000000000000e+05
3.873000000000000000e+05
3.908000000000000000e+05
3.945000000000000000e+05
3.981000000000000000e+05
4.018000000000000000e+05
4.055000000000000000e+05
4.093000000000000000e+05
4.130000000000000000e+05
4.169000000000000000e+05
4.207000000000000000e+05
4.246000000000000000e+05
4.285000000000000000e+05
4.325000000000000000e+05
4.365000000000000000e+05
4.406000000000000000e+05
4.446000000000000000e+05
4.487000000000000000e+05
4.529000000000000000e+05
4.571000000000000000e+05
4.613000000000000000e+05
4.656000000000000000e+05
4.699000000000000000e+05
4.742000000000000000e+05
4.786000000000000000e+05
4.831000000000000000e+05
4.875000000000000000e+05
4.920000000000000000e+05
4.966000000000000000e+05
5.012000000000000000e+05
5.058000000000000000e+05
5.105000000000000000e+05
5.152000000000000582e+05
5.200000000000000000e+05
5.248000000000000000e+05
5.297000000000000000e+05
5.346000000000000000e+05
5.395000000000000000e+05
5.445000000000000000e+05
5.495000000000000000e+05
5.546000000000000000e+05
5.598000000000000000e+05
5.649000000000000000e+05
5.702000000000000000e+05
5.754000000000000000e+05
5.808000000000000000e+05
5.861000000000000000e+05
5.916000000000000000e+05
5.970000000000000000e+05
6.026000000000000000e+05
6.081000000000000000e+05
6.138000000000000000e+05
6.194000000000000000e+05
6.252000000000000000e+05
6.310000000000000000e+05
6.368000000000000000e+05
6.427000000000000000e+05
6.486000000000000000e+05
6.546000000000000000e+05
6.607000000000000000e+05
6.668000000000000000e+05
6.730000000000000000e+05
6.792000000000000000e+05
6.855000000000000000e+05
6.918000000000000000e+05
6.982000000000000000e+05
7.047000000000000000e+05
7.112000000000000000e+05
7.178000000000000000e+05
7.244000000000000000e+05
7.311000000000000000e+05
7.379000000000000000e+05
7.447000000000000000e+05
7.516000000000000000e+05
7.586000000000000000e+05
7.656000000000000000e+05
7.727000000000000000e+05
7.798000000000000000e+05
7.870000000000000000e+05
7.943000000000000000e+05
8.017000000000000000e+05
8.091000000000000000e+05
8.166000000000000000e+05
8.241000000000000000e+05
8.318000000000000000e+05
8.395000000000000000e+05
8.472000000000000000e+05
8.551000000000000000e+05
8.630000000000000000e+05
8.710000000000000000e+05
8.790000000000000000e+05
8.872000000000000000e+05
8.954000000000000000e+05
9.036000000000000000e+05
9.120000000000000000e+05
9.204000000000000000e+05
9.290000000000000000e+05
9.376000000000000000e+05
9.462000000000000000e+05
9.550000000000000000e+05
9.638000000000000000e+05
9.727000000000000000e+05
9.817000000000000000e+05
9.908000000000000000e+05
1.000000000000000000e+06
1.009000000000000000e+06
1.019000000000000000e+06
1.028000000000000000e+06
1.038000000000000000e+06
1.047000000000000000e+06
1.057000000000000000e+06
1.067000000000000000e+06
1.076000000000000000e+06
1.086000000000000000e+06
1.096000000000000000e+06
1.107000000000000000e+06
1.117000000000000000e+06
1.127000000000000000e+06
1.138000000000000000e+06
1.148000000000000000e+06
1.159000000000000000e+06
1.169000000000000000e+06
1.180000000000000000e+06
1.191000000000000000e+06
1.202000000000000000e+06
1.213000000000000000e+06
1.225000000000000000e+06
1.236000000000000000e+06
1.247000000000000000e+06
1.259000000000000000e+06
1.271000000000000000e+06
1.282000000000000000e+06
1.294000000000000000e+06
1.306000000000000000e+06
1.318000000000000000e+06
1.330000000000000000e+06
1.343000000000000000e+06
1.355000000000000000e+06
1.368000000000000000e+06
1.380000000000000000e+06
1.393000000000000000e+06
1.406000000000000000e+06
1.419000000000000000e+06
1.432000000000000000e+06
1.445000000000000000e+06
1.459000000000000000e+06
1.472000000000000000e+06
1.486000000000000000e+06
1.500000000000000000e+06
1.514000000000000000e+06
1.528000000000000000e+06
1.542000000000000000e+06
1.556000000000000000e+06
1.570000000000000000e+06
1.585000000000000000e+06
1.600000000000000000e+06
1.614000000000000000e+06
1.629000000000000000e+06
1.644000000000000000e+06
1.660000000000000000e+06
1.675000000000000000e+06
1.690000000000000000e+06
1.706000000000000000e+06
1.722000000000000000e+06
1.738000000000000000e+06
1.754000000000000000e+06
1.770000000000000000e+06
1.786000000000000000e+06
1.803000000000000000e+06
1.820000000000000000e+06
1.837000000000000000e+06
1.854000000000000000e+06
1.871000000000000000e+06
1.888000000000000000e+06
1.905000000000000000e+06
1.923000000000000000e+06
1.941000000000000000e+06
1.959000000000000000e+06
1.977000000000000000e+06
1.995000000000000000e+06
2.014000000000000000e+06
2.032000000000000000e+06
2.051000000000000000e+06
2.070000000000000000e+06
2.089000000000000000e+06
2.109000000000000000e+06
2.128000000000000000e+06
2.148000000000000000e+06
2.168000000000000000e+06
2.188000000000000000e+06
2.208000000000000000e+06
2.228000000000000000e+06
2.249000000000000000e+06
2.270000000000000000e+06
2.291000000000000000e+06
2.312000000000000000e+06
2.333000000000000000e+06
2.355000000000000000e+06
2.377000000000000000e+06
2.399000000000000000e+06
2.421000000000000000e+06
2.443000000000000000e+06
2.466000000000000000e+06
2.489000000000000000e+06
2.512000000000000000e+06
2.535000000000000000e+06
2.559000000000000000e+06
2.582000000000000000e+06
2.606000000000000000e+06
2.630000000000000000e+06
2.655000000000000000e+06
2.679000000000000000e+06
2.704000000000000000e+06
2.729000000000000000e+06
2.754000000000000000e+06
2.780000000000000000e+06
2.805000000000000000e+06
2.831000000000000000e+06
2.858000000000000000e+06
2.884000000000000000e+06
2.911000000000000000e+06
2.938000000000000000e+06
2.965000000000000000e+06
2.992000000000000000e+06
3.020000000000000000e+06
3.048000000000000000e+06
3.076000000000000000e+06
3.105000000000000000e+06
3.133000000000000000e+06
3.162000000000000000e+06
3.192000000000000000e+06
3.221000000000000000e+06
3.251000000000000000e+06
3.281000000000000000e+06
3.311000000000000000e+06
3.342000000000000000e+06
3.373000000000000000e+06
3.404000000000000000e+06
3.436000000000000000e+06
3.467000000000000000e+06
3.499000000000000000e+06
3.532000000000000000e+06
3.565000000000000000e+06
3.597000000000000000e+06
3.631000000000000000e+06
3.664000000000000000e+06
3.698000000000000000e+06
3.733000000000000000e+06
3.767000000000000000e+06
3.802000000000000000e+06
3.837000000000000000e+06
3.873000000000000000e+06
3.908000000000000000e+06
3.945000000000000000e+06
3.981000000000000000e+06
4.018000000000000000e+06
4.055000000000000000e+06
4.093000000000000000e+06
4.130000000000000000e+06
4.169000000000000000e+06
4.207000000000000000e+06
4.246000000000000000e+06
4.285000000000000000e+06
4.325000000000000000e+06
4.365000000000000000e+06
4.406000000000000000e+06
4.446000000000000000e+06
4.487000000000000000e+06
4.529000000000000000e+06
4.571000000000000000e+06
4.613000000000000000e+06
4.656000000000000000e+06
4.699000000000000000e+06
4.742000000000000000e+06
4.786000000000000000e+06
4.831000000000000000e+06
4.875000000000000000e+06
4.920000000000000000e+06
4.966000000000000000e+06
5.012000000000000000e+06
5.058000000000000000e+06
5.105000000000000000e+06
5.152000000000000000e+06
5.200000000000000000e+06
5.248000000000000000e+06
5.297000000000000000e+06
5.346000000000000000e+06
5.395000000000000000e+06
5.445000000000000000e+06
5.495000000000000000e+06
5.546000000000000000e+06
5.598000000000000000e+06
5.649000000000000000e+06
5.702000000000000000e+06
5.754000000000000000e+06
5.808000000000000000e+06
5.861000000000000000e+06
5.916000000000000000e+06
5.970000000000000000e+06
6.026000000000000000e+06
6.081000000000000000e+06
6.138000000000000000e+06
6.194000000000000000e+06
6.252000000000000000e+06
6.310000000000000000e+06
6.368000000000000000e+06
6.427000000000000000e+06
6.486000000000000000e+06
6.546000000000000000e+06
6.607000000000000000e+06
6.668000000000000000e+06
6.730000000000000000e+06
6.792000000000000000e+06
6.855000000000000000e+06
6.918000000000000000e+06
6.982000000000000000e+06
7.047000000000000000e+06
7.112000000000000000e+06
7.178000000000000000e+06
7.244000000000000000e+06
7.311000000000000000e+06
7.379000000000000000e+06
7.447000000000000000e+06
7.516000000000000000e+06
7.586000000000000000e+06
7.656000000000000000e+06
7.727000000000000000e+06
7.798000000000000000e+06
7.870000000000000000e+06
7.943000000000000000e+06
8.017000000000000000e+06
8.091000000000000000e+06
8.166000000000000000e+06
8.241000000000000000e+06
8.318000000000000000e+06
8.395000000000000000e+06
8.472000000000000000e+06
8.551000000000000000e+06
8.630000000000000000e+06
8.710000000000000000e+06
8.790000000000000000e+06
8.872000000000000000e+06
8.954000000000000000e+06
9.036000000000000000e+06
9.120000000000000000e+06
9.204000000000000000e+06
9.290000000000000000e+06
9.376000000000000000e+06
9.462000000000000000e+06
9.550000000000000000e+06
9.638000000000000000e+06
9.727000000000000000e+06
9.817000000000000000e+06
9.908000000000000000e+06
1.000000000000000000e+07
